        Time	          pH	          SC	          IC	         POM	         MOM	         QOM	         DOM	          BA	          EP	          EM	       Total	         FeS	     Calcite	      Ca-PO4	      Pyrite	
  0.0000e+00	  7.0361e+00	  9.3397e+01	  0.0000e+00	  0.0000e+00	  0.0000e+00	  0.0000e+00	  0.0000e+00	  0.0000e+00	  0.0000e+00	  0.0000e+00	  0.0000e+00	  0.0000e+00	  0.0000e+00	  0.0000e+00	  0.0000e+00	
  0.0000e+00	  7.0361e+00	  9.3397e+01	  0.0000e+00	  0.0000e+00	  0.0000e+00	  0.0000e+00	  0.0000e+00	  0.0000e+00	  0.0000e+00	  0.0000e+00	  0.0000e+00	  0.0000e+00	  0.0000e+00	  0.0000e+00	  0.0000e+00	
  5.0000e+00	  7.7377e+00	  1.1007e+04	  5.5572e-01	  4.1351e+00	  1.6200e+01	  1.7654e+00	  3.7381e-02	  6.7765e-01	  5.4885e-02	  5.4885e-02	  2.2928e+01	  0.0000e+00	  2.1034e-01	  1.0416e-03	  1.2738e-03	
  1.0000e+01	  8.4857e+00	  1.8065e+04	  7.8936e-01	  3.6027e+00	  1.6480e+01	  1.7630e+00	  3.2590e-02	  6.9737e-01	  5.8044e-02	  5.8044e-02	  2.2695e+01	  1.9408e-03	  4.0913e-01	  1.0437e-03	  0.0000e+00	
  1.5000e+01	  9.7794e+00	  2.3686e+04	  1.0074e+00	  3.1133e+00	  1.6739e+01	  1.7607e+00	  2.9580e-02	  7.0901e-01	  6.1265e-02	  6.1265e-02	  2.2477e+01	  1.9970e-03	  5.7146e-01	  1.0440e-03	  0.0000e+00	
  2.0000e+01	  1.0464e+01	  2.8333e+04	  1.2099e+00	  2.6686e+00	  1.6975e+01	  1.7585e+00	  2.6910e-02	  7.1340e-01	  6.4509e-02	  6.4509e-02	  2.2274e+01	  1.9993e-03	  7.0848e-01	  1.0440e-03	  0.0000e+00	
  2.5000e+01	  1.0811e+01	  3.2215e+04	  1.3961e+00	  2.2695e+00	  1.7188e+01	  1.7565e+00	  2.4512e-02	  7.1108e-01	  6.7742e-02	  6.7742e-02	  2.2088e+01	  1.9997e-03	  8.2520e-01	  1.0440e-03	  0.0000e+00	
  3.0000e+01	  1.1000e+01	  3.5457e+04	  1.5660e+00	  1.9158e+00	  1.7378e+01	  1.7545e+00	  2.2347e-02	  7.0265e-01	  7.0932e-02	  7.0932e-02	  2.1918e+01	  1.9997e-03	  9.2466e-01	  1.0440e-03	  0.0000e+00	
  3.5000e+01	  1.1113e+01	  3.8166e+04	  1.7196e+00	  1.6062e+00	  1.7545e+01	  1.7525e+00	  2.0391e-02	  6.8883e-01	  7.4051e-02	  7.4051e-02	  2.1764e+01	  1.9998e-03	  1.0094e+00	  1.0440e-03	  0.0000e+00	
  4.0000e+01	  1.1187e+01	  4.0436e+04	  1.8576e+00	  1.3385e+00	  1.7691e+01	  1.7505e+00	  1.8629e-02	  6.7038e-01	  7.7073e-02	  7.7073e-02	  2.1626e+01	  1.9998e-03	  1.0816e+00	  1.0440e-03	  0.0000e+00	
  4.5000e+01	  1.1240e+01	  4.2344e+04	  1.9807e+00	  1.1095e+00	  1.7817e+01	  1.7486e+00	  1.7051e-02	  6.4813e-01	  7.9978e-02	  7.9978e-02	  2.1503e+01	  1.9998e-03	  1.1432e+00	  1.0440e-03	  0.0000e+00	
  5.0000e+01	  1.1278e+01	  4.3952e+04	  2.0901e+00	  9.1590e-01	  1.7924e+01	  1.7467e+00	  1.5647e-02	  6.2287e-01	  8.2749e-02	  8.2749e-02	  2.1394e+01	  1.9998e-03	  1.1956e+00	  1.0440e-03	  0.0000e+00	
  5.5000e+01	  1.1308e+01	  4.5309e+04	  2.1869e+00	  7.5374e-01	  1.8015e+01	  1.7448e+00	  1.4408e-02	  5.9540e-01	  8.5376e-02	  8.5376e-02	  2.1297e+01	  1.9998e-03	  1.2403e+00	  1.0440e-03	  0.0000e+00	
  6.0000e+01	  1.1331e+01	  4.6456e+04	  2.2725e+00	  6.1913e-01	  1.8091e+01	  1.7430e+00	  1.3324e-02	  5.6644e-01	  8.7847e-02	  8.7847e-02	  2.1211e+01	  1.9998e-03	  1.2784e+00	  1.0440e-03	  0.0000e+00	
  6.5000e+01	  1.1349e+01	  4.7427e+04	  2.3481e+00	  5.0829e-01	  1.8154e+01	  1.7411e+00	  1.2387e-02	  5.3665e-01	  9.0160e-02	  9.0160e-02	  2.1136e+01	  1.9998e-03	  1.3108e+00	  1.0440e-03	  0.0000e+00	
  7.0000e+01	  1.1363e+01	  4.8250e+04	  2.4150e+00	  4.1760e-01	  1.8206e+01	  1.7393e+00	  1.1585e-02	  5.0659e-01	  9.2312e-02	  9.2312e-02	  2.1069e+01	  1.9998e-03	  1.3385e+00	  1.0440e-03	  0.0000e+00	
  7.5000e+01	  1.1375e+01	  4.8948e+04	  2.4743e+00	  3.4382e-01	  1.8249e+01	  1.7374e+00	  1.0909e-02	  4.7675e-01	  9.4304e-02	  9.4304e-02	  2.1010e+01	  1.9998e-03	  1.3621e+00	  1.0440e-03	  0.0000e+00	
  8.0000e+01	  1.1385e+01	  4.9541e+04	  2.5271e+00	  2.8404e-01	  1.8284e+01	  1.7356e+00	  1.0346e-02	  4.4749e-01	  9.6138e-02	  9.6138e-02	  2.0957e+01	  1.9998e-03	  1.3821e+00	  1.0440e-03	  0.0000e+00	
  8.5000e+01	  1.1393e+01	  5.0044e+04	  2.5744e+00	  2.3574e-01	  1.8312e+01	  1.7338e+00	  9.8861e-03	  4.1912e-01	  9.7819e-02	  9.7819e-02	  2.0910e+01	  1.9998e-03	  1.3992e+00	  1.0440e-03	  0.0000e+00	
  9.0000e+01	  1.1399e+01	  5.0472e+04	  2.6168e+00	  1.9677e-01	  1.8335e+01	  1.7319e+00	  9.5195e-03	  3.9187e-01	  9.9353e-02	  9.9353e-02	  2.0867e+01	  1.9998e-03	  1.4138e+00	  1.0440e-03	  0.0000e+00	
  9.5000e+01	  1.1405e+01	  5.0836e+04	  2.6552e+00	  1.6533e-01	  1.8354e+01	  1.7301e+00	  9.2360e-03	  3.6589e-01	  1.0075e-01	  1.0075e-01	  2.0829e+01	  1.9998e-03	  1.4262e+00	  1.0440e-03	  0.0000e+00	
  1.0000e+02	  1.1409e+01	  5.1145e+04	  2.6901e+00	  1.3994e-01	  1.8368e+01	  1.7283e+00	  9.0267e-03	  3.4127e-01	  1.0201e-01	  1.0201e-01	  2.0794e+01	  1.9998e-03	  1.4368e+00	  1.0440e-03	  0.0000e+00	
  1.0500e+02	  1.1413e+01	  5.1408e+04	  2.7221e+00	  1.1938e-01	  1.8380e+01	  1.7265e+00	  8.8832e-03	  3.1806e-01	  1.0314e-01	  1.0314e-01	  2.0762e+01	  1.9998e-03	  1.4459e+00	  1.0440e-03	  0.0000e+00	
  1.1000e+02	  1.1417e+01	  5.1632e+04	  2.7515e+00	  1.0267e-01	  1.8389e+01	  1.7247e+00	  8.7982e-03	  2.9630e-01	  1.0416e-01	  1.0416e-01	  2.0733e+01	  1.9998e-03	  1.4535e+00	  1.0440e-03	  0.0000e+00	
  1.1500e+02	  1.1419e+01	  5.1823e+04	  2.7787e+00	  8.9014e-02	  1.8396e+01	  1.7229e+00	  8.7650e-03	  2.7595e-01	  1.0507e-01	  1.0507e-01	  2.0705e+01	  1.9998e-03	  1.4601e+00	  1.0440e-03	  0.0000e+00	
  1.2000e+02	  1.1422e+01	  5.1985e+04	  2.8040e+00	  7.7795e-02	  1.8401e+01	  1.7211e+00	  8.7779e-03	  2.5699e-01	  1.0587e-01	  1.0587e-01	  2.0680e+01	  1.9998e-03	  1.4657e+00	  1.0440e-03	  0.0000e+00	
  1.2500e+02	  1.1424e+01	  5.2123e+04	  2.8276e+00	  6.8515e-02	  1.8404e+01	  1.7193e+00	  8.8319e-03	  2.3936e-01	  1.0658e-01	  1.0658e-01	  2.0656e+01	  1.9999e-03	  1.4704e+00	  1.0440e-03	  0.0000e+00	
  1.3000e+02	  1.1425e+01	  5.2241e+04	  2.8499e+00	  6.0780e-02	  1.8406e+01	  1.7176e+00	  8.9227e-03	  2.2302e-01	  1.0720e-01	  1.0720e-01	  2.0634e+01	  1.9999e-03	  1.4745e+00	  1.0440e-03	  0.0000e+00	
  1.3500e+02	  1.1427e+01	  5.2341e+04	  2.8708e+00	  5.4283e-02	  1.8408e+01	  1.7158e+00	  9.0465e-03	  2.0788e-01	  1.0774e-01	  1.0774e-01	  2.0613e+01	  1.9999e-03	  1.4779e+00	  1.0440e-03	  0.0000e+00	
  1.4000e+02	  1.1428e+01	  5.2426e+04	  2.8906e+00	  4.8781e-02	  1.8408e+01	  1.7140e+00	  9.2001e-03	  1.9389e-01	  1.0820e-01	  1.0820e-01	  2.0593e+01	  1.9999e-03	  1.4809e+00	  1.0440e-03	  0.0000e+00	
  1.4500e+02	  1.1429e+01	  5.2499e+04	  2.9094e+00	  4.4086e-02	  1.8408e+01	  1.7122e+00	  9.3810e-03	  1.8097e-01	  1.0860e-01	  1.0860e-01	  2.0575e+01	  1.9999e-03	  1.4834e+00	  1.0440e-03	  0.0000e+00	
  1.5000e+02	  1.1430e+01	  5.2561e+04	  2.9274e+00	  4.0047e-02	  1.8407e+01	  1.7105e+00	  9.5868e-03	  1.6905e-01	  1.0893e-01	  1.0893e-01	  2.0557e+01	  1.9999e-03	  1.4855e+00	  1.0440e-03	  0.0000e+00	
  1.5500e+02	  1.1430e+01	  5.2613e+04	  2.9445e+00	  3.6547e-02	  1.8405e+01	  1.7087e+00	  9.8155e-03	  1.5806e-01	  1.0920e-01	  1.0920e-01	  2.0540e+01	  1.9999e-03	  1.4874e+00	  1.0440e-03	  0.0000e+00	
  1.6000e+02	  1.1431e+01	  5.2658e+04	  2.9609e+00	  3.3492e-02	  1.8403e+01	  1.7070e+00	  1.0066e-02	  1.4794e-01	  1.0942e-01	  1.0942e-01	  2.0523e+01	  1.9999e-03	  1.4889e+00	  1.0440e-03	  0.0000e+00	
  1.6500e+02	  1.1431e+01	  5.2696e+04	  2.9766e+00	  3.0810e-02	  1.8400e+01	  1.7052e+00	  1.0335e-02	  1.3861e-01	  1.0959e-01	  1.0959e-01	  2.0507e+01	  1.9999e-03	  1.4902e+00	  1.0440e-03	  0.0000e+00	
  1.7000e+02	  1.1432e+01	  5.2729e+04	  2.9918e+00	  2.8440e-02	  1.8397e+01	  1.7034e+00	  1.0623e-02	  1.3003e-01	  1.0971e-01	  1.0971e-01	  2.0492e+01	  1.9999e-03	  1.4914e+00	  1.0440e-03	  0.0000e+00	
  1.7500e+02	  1.1432e+01	  5.2757e+04	  3.0064e+00	  2.6335e-02	  1.8394e+01	  1.7017e+00	  1.0929e-02	  1.2213e-01	  1.0979e-01	  1.0979e-01	  2.0478e+01	  1.9999e-03	  1.4923e+00	  1.0440e-03	  0.0000e+00	
  1.8000e+02	  1.1433e+01	  5.2781e+04	  3.0205e+00	  2.4458e-02	  1.8390e+01	  1.7000e+00	  1.1250e-02	  1.1486e-01	  1.0984e-01	  1.0984e-01	  2.0464e+01	  1.9999e-03	  1.4931e+00	  1.0440e-03	  0.0000e+00	
  1.8500e+02	  1.1433e+01	  5.2801e+04	  3.0341e+00	  2.2776e-02	  1.8386e+01	  1.6982e+00	  1.1586e-02	  1.0817e-01	  1.0984e-01	  1.0984e-01	  2.0450e+01	  1.9999e-03	  1.4938e+00	  1.0440e-03	  0.0000e+00	
  1.9000e+02	  1.1433e+01	  5.2818e+04	  3.0474e+00	  2.1264e-02	  1.8382e+01	  1.6965e+00	  1.1936e-02	  1.0202e-01	  1.0982e-01	  1.0982e-01	  2.0437e+01	  1.9999e-03	  1.4944e+00	  1.0440e-03	  0.0000e+00	
  1.9500e+02	  1.1433e+01	  5.2833e+04	  3.0602e+00	  1.9900e-02	  1.8378e+01	  1.6948e+00	  1.2299e-02	  9.6367e-02	  1.0977e-01	  1.0977e-01	  2.0424e+01	  1.9999e-03	  1.4949e+00	  1.0440e-03	  0.0000e+00	
  2.0000e+02	  1.1433e+01	  5.2845e+04	  3.0727e+00	  1.8667e-02	  1.8373e+01	  1.6930e+00	  1.2673e-02	  9.1163e-02	  1.0969e-01	  1.0969e-01	  2.0411e+01	  1.9999e-03	  1.4954e+00	  1.0440e-03	  0.0000e+00	
  2.0500e+02	  1.1434e+01	  5.2856e+04	  3.0849e+00	  1.7550e-02	  1.8369e+01	  1.6913e+00	  1.3058e-02	  8.6376e-02	  1.0958e-01	  1.0958e-01	  2.0399e+01	  1.9999e-03	  1.4957e+00	  1.0440e-03	  0.0000e+00	
  2.1000e+02	  1.1434e+01	  5.2865e+04	  3.0968e+00	  1.6535e-02	  1.8364e+01	  1.6896e+00	  1.3451e-02	  8.1972e-02	  1.0946e-01	  1.0946e-01	  2.0387e+01	  1.9999e-03	  1.4960e+00	  1.0440e-03	  0.0000e+00	
  2.1500e+02	  1.1434e+01	  5.2872e+04	  3.1084e+00	  1.5612e-02	  1.8359e+01	  1.6879e+00	  1.3853e-02	  7.7920e-02	  1.0931e-01	  1.0931e-01	  2.0376e+01	  1.9999e-03	  1.4963e+00	  1.0440e-03	  0.0000e+00	
  2.2000e+02	  1.1434e+01	  5.2879e+04	  3.1197e+00	  1.4771e-02	  1.8354e+01	  1.6862e+00	  1.4262e-02	  7.4193e-02	  1.0914e-01	  1.0914e-01	  2.0364e+01	  1.9999e-03	  1.4965e+00	  1.0440e-03	  0.0000e+00	
  2.2500e+02	  1.1434e+01	  5.2885e+04	  3.1308e+00	  1.4003e-02	  1.8348e+01	  1.6845e+00	  1.4675e-02	  7.0763e-02	  1.0896e-01	  1.0896e-01	  2.0353e+01	  1.9999e-03	  1.4967e+00	  1.0440e-03	  0.0000e+00	
  2.3000e+02	  1.1434e+01	  5.2889e+04	  3.1417e+00	  1.3303e-02	  1.8343e+01	  1.6828e+00	  1.5093e-02	  6.7606e-02	  1.0876e-01	  1.0876e-01	  2.0342e+01	  1.9999e-03	  1.4969e+00	  1.0440e-03	  0.0000e+00	
  2.3500e+02	  1.1434e+01	  5.2893e+04	  3.1524e+00	  1.2662e-02	  1.8338e+01	  1.6811e+00	  1.5514e-02	  6.4700e-02	  1.0855e-01	  1.0855e-01	  2.0332e+01	  1.9999e-03	  1.4970e+00	  1.0440e-03	  0.0000e+00	
  2.4000e+02	  1.1434e+01	  5.2897e+04	  3.1629e+00	  1.2076e-02	  1.8332e+01	  1.6794e+00	  1.5936e-02	  6.2026e-02	  1.0832e-01	  1.0832e-01	  2.0321e+01	  1.9999e-03	  1.4972e+00	  1.0440e-03	  0.0000e+00	
  2.4500e+02	  1.1434e+01	  5.2900e+04	  3.1733e+00	  1.1539e-02	  1.8326e+01	  1.6777e+00	  1.6357e-02	  5.9564e-02	  1.0809e-01	  1.0809e-01	  2.0311e+01	  1.9999e-03	  1.4973e+00	  1.0440e-03	  0.0000e+00	
  2.5000e+02	  1.1434e+01	  5.2902e+04	  3.1835e+00	  1.1048e-02	  1.8321e+01	  1.6760e+00	  1.6778e-02	  5.7296e-02	  1.0784e-01	  1.0784e-01	  2.0301e+01	  1.9999e-03	  1.4974e+00	  1.0440e-03	  0.0000e+00	
  2.5500e+02	  1.1434e+01	  5.2904e+04	  3.1935e+00	  1.0598e-02	  1.8315e+01	  1.6744e+00	  1.7195e-02	  5.5209e-02	  1.0758e-01	  1.0758e-01	  2.0290e+01	  1.9999e-03	  1.4974e+00	  1.0440e-03	  0.0000e+00	
  2.6000e+02	  1.1434e+01	  5.2906e+04	  3.2034e+00	  1.0185e-02	  1.8309e+01	  1.6727e+00	  1.7608e-02	  5.3286e-02	  1.0731e-01	  1.0731e-01	  2.0281e+01	  1.9999e-03	  1.4975e+00	  1.0440e-03	  0.0000e+00	
  2.6500e+02	  1.1434e+01	  5.2908e+04	  3.2132e+00	  9.8058e-03	  1.8303e+01	  1.6710e+00	  1.8016e-02	  5.1514e-02	  1.0704e-01	  1.0704e-01	  2.0271e+01	  1.9999e-03	  1.4975e+00	  1.0440e-03	  0.0000e+00	
  2.7000e+02	  1.1434e+01	  5.2909e+04	  3.2228e+00	  9.4583e-03	  1.8298e+01	  1.6694e+00	  1.8418e-02	  4.9882e-02	  1.0676e-01	  1.0676e-01	  2.0261e+01	  1.9999e-03	  1.4976e+00	  1.0440e-03	  0.0000e+00	
  2.7500e+02	  1.1434e+01	  5.2910e+04	  3.2324e+00	  9.1395e-03	  1.8292e+01	  1.6677e+00	  1.8811e-02	  4.8378e-02	  1.0647e-01	  1.0647e-01	  2.0252e+01	  1.9999e-03	  1.4976e+00	  1.0440e-03	  0.0000e+00	
  2.8000e+02	  1.1434e+01	  5.2911e+04	  3.2418e+00	  8.8470e-03	  1.8286e+01	  1.6660e+00	  1.9196e-02	  4.6991e-02	  1.0618e-01	  1.0618e-01	  2.0242e+01	  1.9999e-03	  1.4977e+00	  1.0440e-03	  0.0000e+00	
  2.8500e+02	  1.1434e+01	  5.2912e+04	  3.2512e+00	  8.5785e-03	  1.8280e+01	  1.6644e+00	  1.9572e-02	  4.5714e-02	  1.0588e-01	  1.0588e-01	  2.0233e+01	  1.9999e-03	  1.4977e+00	  1.0440e-03	  0.0000e+00	
  2.9000e+02	  1.1434e+01	  5.2913e+04	  3.2604e+00	  8.3321e-03	  1.8274e+01	  1.6627e+00	  1.9936e-02	  4.4535e-02	  1.0558e-01	  1.0558e-01	  2.0224e+01	  1.9999e-03	  1.4977e+00	  1.0440e-03	  0.0000e+00	
  2.9500e+02	  1.1434e+01	  5.2913e+04	  3.2696e+00	  8.1060e-03	  1.8268e+01	  1.6611e+00	  2.0288e-02	  4.3448e-02	  1.0527e-01	  1.0527e-01	  2.0214e+01	  1.9999e-03	  1.4977e+00	  1.0440e-03	  0.0000e+00	
  3.0000e+02	  1.1434e+01	  5.2914e+04	  3.2787e+00	  7.8986e-03	  1.8262e+01	  1.6595e+00	  2.0629e-02	  4.2446e-02	  1.0496e-01	  1.0496e-01	  2.0205e+01	  1.9999e-03	  1.4978e+00	  1.0440e-03	  0.0000e+00	
  3.0500e+02	  1.1434e+01	  5.2914e+04	  3.2878e+00	  7.7083e-03	  1.8256e+01	  1.6578e+00	  2.0957e-02	  4.1521e-02	  1.0464e-01	  1.0464e-01	  2.0196e+01	  1.9999e-03	  1.4978e+00	  1.0440e-03	  0.0000e+00	
  3.1000e+02	  1.1434e+01	  5.2915e+04	  3.2967e+00	  7.5338e-03	  1.8250e+01	  1.6562e+00	  2.1272e-02	  4.0666e-02	  1.0433e-01	  1.0433e-01	  2.0187e+01	  1.9999e-03	  1.4978e+00	  1.0440e-03	  0.0000e+00	
  3.1500e+02	  1.1434e+01	  5.2915e+04	  3.3057e+00	  7.3737e-03	  1.8244e+01	  1.6546e+00	  2.1573e-02	  3.9878e-02	  1.0401e-01	  1.0401e-01	  2.0178e+01	  1.9999e-03	  1.4978e+00	  1.0440e-03	  0.0000e+00	
  3.2000e+02	  1.1434e+01	  5.2915e+04	  3.3145e+00	  7.2270e-03	  1.8238e+01	  1.6529e+00	  2.1861e-02	  3.9149e-02	  1.0369e-01	  1.0369e-01	  2.0169e+01	  1.9999e-03	  1.4978e+00	  1.0440e-03	  0.0000e+00	
  3.2500e+02	  1.1434e+01	  5.2916e+04	  3.3233e+00	  7.0926e-03	  1.8232e+01	  1.6513e+00	  2.2135e-02	  3.8476e-02	  1.0336e-01	  1.0336e-01	  2.0161e+01	  1.9999e-03	  1.4978e+00	  1.0440e-03	  0.0000e+00	
  3.3000e+02	  1.1434e+01	  5.2916e+04	  3.3321e+00	  6.9694e-03	  1.8226e+01	  1.6497e+00	  2.2394e-02	  3.7853e-02	  1.0304e-01	  1.0304e-01	  2.0152e+01	  1.9999e-03	  1.4978e+00	  1.0440e-03	  0.0000e+00	
  3.3500e+02	  1.1434e+01	  5.2916e+04	  3.3408e+00	  6.8567e-03	  1.8220e+01	  1.6481e+00	  2.2640e-02	  3.7276e-02	  1.0271e-01	  1.0271e-01	  2.0143e+01	  1.9999e-03	  1.4978e+00	  1.0440e-03	  0.0000e+00	
  3.4000e+02	  1.1434e+01	  5.2916e+04	  3.3494e+00	  6.7535e-03	  1.8214e+01	  1.6465e+00	  2.2873e-02	  3.6742e-02	  1.0238e-01	  1.0238e-01	  2.0135e+01	  1.9999e-03	  1.4978e+00	  1.0440e-03	  0.0000e+00	
  3.4500e+02	  1.1434e+01	  5.2916e+04	  3.3580e+00	  6.6591e-03	  1.8208e+01	  1.6449e+00	  2.3092e-02	  3.6248e-02	  1.0205e-01	  1.0205e-01	  2.0126e+01	  1.9999e-03	  1.4978e+00	  1.0440e-03	  0.0000e+00	
  3.5000e+02	  1.1434e+01	  5.2916e+04	  3.3666e+00	  6.5728e-03	  1.8202e+01	  1.6433e+00	  2.3297e-02	  3.5789e-02	  1.0173e-01	  1.0173e-01	  2.0117e+01	  1.9999e-03	  1.4978e+00	  1.0440e-03	  0.0000e+00	
  3.5500e+02	  1.1434e+01	  5.2916e+04	  3.3752e+00	  6.4940e-03	  1.8196e+01	  1.6417e+00	  2.3490e-02	  3.5362e-02	  1.0140e-01	  1.0140e-01	  2.0109e+01	  1.9999e-03	  1.4978e+00	  1.0440e-03	  0.0000e+00	
  3.6000e+02	  1.1434e+01	  5.2916e+04	  3.3837e+00	  6.4220e-03	  1.8190e+01	  1.6401e+00	  2.3670e-02	  3.4966e-02	  1.0107e-01	  1.0107e-01	  2.0100e+01	  1.9999e-03	  1.4978e+00	  1.0440e-03	  0.0000e+00	
  3.6500e+02	  1.1434e+01	  5.2916e+04	  3.3921e+00	  6.3563e-03	  1.8184e+01	  1.6385e+00	  2.3838e-02	  3.4598e-02	  1.0073e-01	  1.0073e-01	  2.0092e+01	  1.9999e-03	  1.4978e+00	  1.0440e-03	  0.0000e+00	
  3.7000e+02	  1.1434e+01	  5.2917e+04	  3.4006e+00	  6.2964e-03	  1.8178e+01	  1.6369e+00	  2.3994e-02	  3.4254e-02	  1.0040e-01	  1.0040e-01	  2.0083e+01	  1.9999e-03	  1.4978e+00	  1.0440e-03	  0.0000e+00	
  3.7500e+02	  1.1434e+01	  5.2917e+04	  3.4089e+00	  6.2418e-03	  1.8172e+01	  1.6353e+00	  2.4139e-02	  3.3933e-02	  1.0007e-01	  1.0007e-01	  2.0075e+01	  1.9999e-03	  1.4978e+00	  1.0440e-03	  0.0000e+00	
  3.8000e+02	  1.1434e+01	  5.2917e+04	  3.4173e+00	  6.1921e-03	  1.8166e+01	  1.6337e+00	  2.4274e-02	  3.3633e-02	  9.9742e-02	  9.9742e-02	  2.0067e+01	  1.9999e-03	  1.4978e+00	  1.0440e-03	  0.0000e+00	
