        Time	          pH	          SC	          IC	         POM	         MOM	         QOM	         DOM	          BA	          EP	          EM	       Total	         FeS	     Calcite	      Ca-PO4	      Pyrite	
  0.0000e+00	  7.0361e+00	  9.3397e+01	  0.0000e+00	  0.0000e+00	  0.0000e+00	  0.0000e+00	  0.0000e+00	  0.0000e+00	  0.0000e+00	  0.0000e+00	  0.0000e+00	  0.0000e+00	  0.0000e+00	  0.0000e+00	  0.0000e+00	
  0.0000e+00	  7.0361e+00	  9.3397e+01	  0.0000e+00	  0.0000e+00	  0.0000e+00	  0.0000e+00	  0.0000e+00	  0.0000e+00	  0.0000e+00	  0.0000e+00	  0.0000e+00	  0.0000e+00	  0.0000e+00	  0.0000e+00	  0.0000e+00	
  5.0000e+00	  7.1056e+00	  2.1761e+03	  5.5483e-01	  4.1351e+00	  1.6200e+01	  1.7667e+00	  3.7312e-02	  6.7730e-01	  5.4884e-02	  5.4884e-02	  2.2929e+01	  0.0000e+00	  0.0000e+00	  9.7482e-04	  1.3614e-03	
  1.0000e+01	  7.3774e+00	  3.5306e+03	  7.8810e-01	  3.6027e+00	  1.6480e+01	  1.7647e+00	  3.2566e-02	  6.9691e-01	  5.8041e-02	  5.8041e-02	  2.2696e+01	  0.0000e+00	  0.0000e+00	  1.0266e-03	  1.3583e-03	
  1.5000e+01	  7.3931e+00	  4.6404e+03	  1.0059e+00	  3.1133e+00	  1.6739e+01	  1.7627e+00	  2.9573e-02	  7.0851e-01	  6.1260e-02	  6.1260e-02	  2.2478e+01	  0.0000e+00	  3.0279e-02	  1.0306e-03	  1.3354e-03	
  2.0000e+01	  7.4232e+00	  5.6723e+03	  1.2082e+00	  2.6686e+00	  1.6975e+01	  1.7608e+00	  2.6911e-02	  7.1289e-01	  6.4502e-02	  6.4502e-02	  2.2276e+01	  0.0000e+00	  5.9282e-02	  1.0336e-03	  1.3192e-03	
  2.5000e+01	  7.4630e+00	  6.6498e+03	  1.3943e+00	  2.2696e+00	  1.7188e+01	  1.7588e+00	  2.4518e-02	  7.1058e-01	  6.7732e-02	  6.7732e-02	  2.2090e+01	  0.0000e+00	  8.7027e-02	  1.0359e-03	  1.3071e-03	
  3.0000e+01	  7.5097e+00	  7.5846e+03	  1.5641e+00	  1.9159e+00	  1.7378e+01	  1.7568e+00	  2.2356e-02	  7.0218e-01	  7.0920e-02	  7.0920e-02	  2.1920e+01	  0.0000e+00	  1.1362e-01	  1.0376e-03	  1.2978e-03	
  3.5000e+01	  7.5616e+00	  8.4837e+03	  1.7178e+00	  1.6064e+00	  1.7545e+01	  1.7548e+00	  2.0402e-02	  6.8839e-01	  7.4036e-02	  7.4036e-02	  2.1766e+01	  0.0000e+00	  1.3915e-01	  1.0390e-03	  1.2903e-03	
  4.0000e+01	  7.6173e+00	  9.3517e+03	  1.8557e+00	  1.3386e+00	  1.7691e+01	  1.7528e+00	  1.8641e-02	  6.6999e-01	  7.7056e-02	  7.7056e-02	  2.1628e+01	  0.0000e+00	  1.6372e-01	  1.0401e-03	  1.2840e-03	
  4.5000e+01	  7.6762e+00	  1.0192e+04	  1.9789e+00	  1.1097e+00	  1.7817e+01	  1.7509e+00	  1.7064e-02	  6.4778e-01	  7.9959e-02	  7.9959e-02	  2.1505e+01	  0.0000e+00	  1.8742e-01	  1.0409e-03	  1.2786e-03	
  5.0000e+01	  7.7377e+00	  1.1007e+04	  2.0882e+00	  9.1605e-01	  1.7924e+01	  1.7489e+00	  1.5660e-02	  6.2257e-01	  8.2729e-02	  8.2729e-02	  2.1396e+01	  0.0000e+00	  2.1034e-01	  1.0416e-03	  1.2738e-03	
  5.5000e+01	  7.8015e+00	  1.1798e+04	  2.1851e+00	  7.5388e-01	  1.8015e+01	  1.7470e+00	  1.4421e-02	  5.9514e-01	  8.5354e-02	  8.5354e-02	  2.1299e+01	  0.0000e+00	  2.3256e-01	  1.0421e-03	  1.2694e-03	
  6.0000e+01	  7.8657e+00	  1.2568e+04	  2.2707e+00	  6.1928e-01	  1.8091e+01	  1.7450e+00	  1.3338e-02	  5.6623e-01	  8.7825e-02	  8.7825e-02	  2.1213e+01	  3.2072e-04	  2.5411e-01	  1.0424e-03	  1.0797e-03	
  6.5000e+01	  7.9308e+00	  1.3317e+04	  2.3464e+00	  5.0842e-01	  1.8154e+01	  1.7431e+00	  1.2400e-02	  5.3648e-01	  9.0137e-02	  9.0137e-02	  2.1138e+01	  8.4337e-04	  2.7507e-01	  1.0427e-03	  7.5453e-04	
  7.0000e+01	  7.9986e+00	  1.4048e+04	  2.4133e+00	  4.1773e-01	  1.8206e+01	  1.7411e+00	  1.1598e-02	  5.0646e-01	  9.2288e-02	  9.2288e-02	  2.1071e+01	  1.2702e-03	  2.9551e-01	  1.0430e-03	  4.6125e-04	
  7.5000e+01	  8.0690e+00	  1.4759e+04	  2.4727e+00	  3.4394e-01	  1.8249e+01	  1.7392e+00	  1.0921e-02	  4.7665e-01	  9.4279e-02	  9.4279e-02	  2.1011e+01	  1.6511e-03	  3.1548e-01	  1.0432e-03	  1.7029e-04	
  8.0000e+01	  8.1431e+00	  1.5453e+04	  2.5256e+00	  2.8414e-01	  1.8284e+01	  1.7373e+00	  1.0358e-02	  4.4742e-01	  9.6113e-02	  9.6113e-02	  2.0958e+01	  1.8687e-03	  3.3501e-01	  1.0433e-03	  0.0000e+00	
  8.5000e+01	  8.2218e+00	  1.6130e+04	  2.5728e+00	  2.3583e-01	  1.8312e+01	  1.7354e+00	  9.8981e-03	  4.1908e-01	  9.7794e-02	  9.7794e-02	  2.0911e+01	  1.8906e-03	  3.5412e-01	  1.0435e-03	  0.0000e+00	
  9.0000e+01	  8.3045e+00	  1.6790e+04	  2.6153e+00	  1.9685e-01	  1.8335e+01	  1.7335e+00	  9.5306e-03	  3.9185e-01	  9.9328e-02	  9.9328e-02	  2.0869e+01	  1.9098e-03	  3.7284e-01	  1.0436e-03	  0.0000e+00	
  9.5000e+01	  8.3921e+00	  1.7435e+04	  2.6538e+00	  1.6540e-01	  1.8354e+01	  1.7317e+00	  9.2461e-03	  3.6588e-01	  1.0072e-01	  1.0072e-01	  2.0830e+01	  1.9264e-03	  3.9117e-01	  1.0437e-03	  0.0000e+00	
  1.0000e+02	  8.4857e+00	  1.8065e+04	  2.6887e+00	  1.4000e-01	  1.8368e+01	  1.7298e+00	  9.0355e-03	  3.4128e-01	  1.0198e-01	  1.0198e-01	  2.0795e+01	  1.9408e-03	  4.0913e-01	  1.0437e-03	  0.0000e+00	
  1.0500e+02	  8.5866e+00	  1.8682e+04	  2.7207e+00	  1.1943e-01	  1.8380e+01	  1.7280e+00	  8.8905e-03	  3.1808e-01	  1.0312e-01	  1.0312e-01	  2.0763e+01	  1.9532e-03	  4.2676e-01	  1.0438e-03	  0.0000e+00	
  1.1000e+02	  8.6967e+00	  1.9284e+04	  2.7501e+00	  1.0272e-01	  1.8389e+01	  1.7261e+00	  8.8036e-03	  2.9632e-01	  1.0413e-01	  1.0413e-01	  2.0734e+01	  1.9638e-03	  4.4404e-01	  1.0438e-03	  0.0000e+00	
  1.1500e+02	  8.8177e+00	  1.9874e+04	  2.7773e+00	  8.9057e-02	  1.8395e+01	  1.7243e+00	  8.7683e-03	  2.7598e-01	  1.0504e-01	  1.0504e-01	  2.0707e+01	  1.9727e-03	  4.6101e-01	  1.0439e-03	  0.0000e+00	
  1.2000e+02	  8.9515e+00	  2.0451e+04	  2.8027e+00	  7.7834e-02	  1.8400e+01	  1.7225e+00	  8.7786e-03	  2.5702e-01	  1.0585e-01	  1.0585e-01	  2.0681e+01	  1.9800e-03	  4.7766e-01	  1.0439e-03	  0.0000e+00	
  1.2500e+02	  9.0976e+00	  2.1017e+04	  2.8263e+00	  6.8549e-02	  1.8404e+01	  1.7207e+00	  8.8297e-03	  2.3939e-01	  1.0656e-01	  1.0656e-01	  2.0658e+01	  1.9857e-03	  4.9400e-01	  1.0439e-03	  0.0000e+00	
  1.3000e+02	  9.2511e+00	  2.1571e+04	  2.8485e+00	  6.0810e-02	  1.8406e+01	  1.7190e+00	  8.9172e-03	  2.2304e-01	  1.0718e-01	  1.0718e-01	  2.0635e+01	  1.9900e-03	  5.1005e-01	  1.0439e-03	  0.0000e+00	
  1.3500e+02	  9.4027e+00	  2.2115e+04	  2.8695e+00	  5.4309e-02	  1.8408e+01	  1.7172e+00	  9.0372e-03	  2.0790e-01	  1.0772e-01	  1.0772e-01	  2.0615e+01	  1.9930e-03	  5.2580e-01	  1.0439e-03	  0.0000e+00	
  1.4000e+02	  9.5432e+00	  2.2649e+04	  2.8893e+00	  4.8804e-02	  1.8408e+01	  1.7155e+00	  9.1868e-03	  1.9390e-01	  1.0818e-01	  1.0818e-01	  2.0595e+01	  1.9949e-03	  5.4128e-01	  1.0439e-03	  0.0000e+00	
  1.4500e+02	  9.6686e+00	  2.3173e+04	  2.9080e+00	  4.4105e-02	  1.8408e+01	  1.7138e+00	  9.3630e-03	  1.8096e-01	  1.0858e-01	  1.0858e-01	  2.0576e+01	  1.9962e-03	  5.5650e-01	  1.0440e-03	  0.0000e+00	
  1.5000e+02	  9.7794e+00	  2.3686e+04	  2.9259e+00	  4.0063e-02	  1.8407e+01	  1.7121e+00	  9.5638e-03	  1.6903e-01	  1.0891e-01	  1.0891e-01	  2.0558e+01	  1.9970e-03	  5.7146e-01	  1.0440e-03	  0.0000e+00	
  1.5500e+02	  9.8778e+00	  2.4191e+04	  2.9430e+00	  3.6559e-02	  1.8405e+01	  1.7104e+00	  9.7870e-03	  1.5802e-01	  1.0918e-01	  1.0918e-01	  2.0541e+01	  1.9976e-03	  5.8618e-01	  1.0440e-03	  0.0000e+00	
  1.6000e+02	  9.9659e+00	  2.4686e+04	  2.9594e+00	  3.3501e-02	  1.8403e+01	  1.7087e+00	  1.0031e-02	  1.4788e-01	  1.0940e-01	  1.0940e-01	  2.0525e+01	  1.9981e-03	  6.0066e-01	  1.0440e-03	  0.0000e+00	
  1.6500e+02	  1.0046e+01	  2.5171e+04	  2.9750e+00	  3.0815e-02	  1.8400e+01	  1.7070e+00	  1.0294e-02	  1.3854e-01	  1.0956e-01	  1.0956e-01	  2.0509e+01	  1.9984e-03	  6.1491e-01	  1.0440e-03	  0.0000e+00	
  1.7000e+02	  1.0119e+01	  2.5648e+04	  2.9901e+00	  2.8442e-02	  1.8397e+01	  1.7054e+00	  1.0576e-02	  1.2993e-01	  1.0969e-01	  1.0969e-01	  2.0494e+01	  1.9986e-03	  6.2893e-01	  1.0440e-03	  0.0000e+00	
  1.7500e+02	  1.0187e+01	  2.6116e+04	  3.0046e+00	  2.6334e-02	  1.8394e+01	  1.7037e+00	  1.0873e-02	  1.2201e-01	  1.0977e-01	  1.0977e-01	  2.0479e+01	  1.9988e-03	  6.4273e-01	  1.0440e-03	  0.0000e+00	
  1.8000e+02	  1.0250e+01	  2.6576e+04	  3.0186e+00	  2.4453e-02	  1.8390e+01	  1.7021e+00	  1.1187e-02	  1.1472e-01	  1.0981e-01	  1.0981e-01	  2.0465e+01	  1.9990e-03	  6.5630e-01	  1.0440e-03	  0.0000e+00	
  1.8500e+02	  1.0309e+01	  2.7027e+04	  3.0322e+00	  2.2767e-02	  1.8386e+01	  1.7005e+00	  1.1515e-02	  1.0802e-01	  1.0982e-01	  1.0982e-01	  2.0452e+01	  1.9991e-03	  6.6966e-01	  1.0440e-03	  0.0000e+00	
  1.9000e+02	  1.0364e+01	  2.7470e+04	  3.0453e+00	  2.1251e-02	  1.8382e+01	  1.6989e+00	  1.1856e-02	  1.0184e-01	  1.0979e-01	  1.0979e-01	  2.0439e+01	  1.9992e-03	  6.8281e-01	  1.0440e-03	  0.0000e+00	
  1.9500e+02	  1.0415e+01	  2.7906e+04	  3.0581e+00	  1.9884e-02	  1.8378e+01	  1.6973e+00	  1.2210e-02	  9.6161e-02	  1.0974e-01	  1.0974e-01	  2.0426e+01	  1.9993e-03	  6.9575e-01	  1.0440e-03	  0.0000e+00	
  2.0000e+02	  1.0464e+01	  2.8333e+04	  3.0705e+00	  1.8647e-02	  1.8373e+01	  1.6958e+00	  1.2575e-02	  9.0933e-02	  1.0966e-01	  1.0966e-01	  2.0414e+01	  1.9993e-03	  7.0848e-01	  1.0440e-03	  0.0000e+00	
  2.0500e+02	  1.0509e+01	  2.8753e+04	  3.0825e+00	  1.7526e-02	  1.8369e+01	  1.6942e+00	  1.2950e-02	  8.6121e-02	  1.0955e-01	  1.0955e-01	  2.0401e+01	  1.9994e-03	  7.2101e-01	  1.0440e-03	  0.0000e+00	
  2.1000e+02	  1.0552e+01	  2.9166e+04	  3.0943e+00	  1.6507e-02	  1.8364e+01	  1.6927e+00	  1.3335e-02	  8.1693e-02	  1.0943e-01	  1.0943e-01	  2.0390e+01	  1.9994e-03	  7.3335e-01	  1.0440e-03	  0.0000e+00	
  2.1500e+02	  1.0592e+01	  2.9572e+04	  3.1057e+00	  1.5580e-02	  1.8359e+01	  1.6912e+00	  1.3727e-02	  7.7616e-02	  1.0928e-01	  1.0928e-01	  2.0378e+01	  1.9995e-03	  7.4548e-01	  1.0440e-03	  0.0000e+00	
  2.2000e+02	  1.0630e+01	  2.9970e+04	  3.1169e+00	  1.4735e-02	  1.8353e+01	  1.6896e+00	  1.4125e-02	  7.3863e-02	  1.0911e-01	  1.0911e-01	  2.0367e+01	  1.9995e-03	  7.5742e-01	  1.0440e-03	  0.0000e+00	
  2.2500e+02	  1.0665e+01	  3.0361e+04	  3.1279e+00	  1.3963e-02	  1.8348e+01	  1.6881e+00	  1.4529e-02	  7.0408e-02	  1.0892e-01	  1.0892e-01	  2.0356e+01	  1.9996e-03	  7.6918e-01	  1.0440e-03	  0.0000e+00	
  2.3000e+02	  1.0698e+01	  3.0745e+04	  3.1386e+00	  1.3258e-02	  1.8343e+01	  1.6867e+00	  1.4938e-02	  6.7225e-02	  1.0872e-01	  1.0872e-01	  2.0345e+01	  1.9996e-03	  7.8074e-01	  1.0440e-03	  0.0000e+00	
  2.3500e+02	  1.0729e+01	  3.1123e+04	  3.1491e+00	  1.2613e-02	  1.8337e+01	  1.6852e+00	  1.5349e-02	  6.4295e-02	  1.0851e-01	  1.0851e-01	  2.0335e+01	  1.9996e-03	  7.9213e-01	  1.0440e-03	  0.0000e+00	
  2.4000e+02	  1.0758e+01	  3.1493e+04	  3.1595e+00	  1.2023e-02	  1.8332e+01	  1.6837e+00	  1.5761e-02	  6.1594e-02	  1.0828e-01	  1.0828e-01	  2.0325e+01	  1.9996e-03	  8.0333e-01	  1.0440e-03	  0.0000e+00	
  2.4500e+02	  1.0786e+01	  3.1857e+04	  3.1696e+00	  1.1482e-02	  1.8326e+01	  1.6823e+00	  1.6174e-02	  5.9107e-02	  1.0804e-01	  1.0804e-01	  2.0314e+01	  1.9996e-03	  8.1435e-01	  1.0440e-03	  0.0000e+00	
  2.5000e+02	  1.0811e+01	  3.2215e+04	  3.1796e+00	  1.0987e-02	  1.8321e+01	  1.6808e+00	  1.6586e-02	  5.6814e-02	  1.0779e-01	  1.0779e-01	  2.0304e+01	  1.9997e-03	  8.2520e-01	  1.0440e-03	  0.0000e+00	
  2.5500e+02	  1.0835e+01	  3.2566e+04	  3.1895e+00	  1.0532e-02	  1.8315e+01	  1.6794e+00	  1.6995e-02	  5.4701e-02	  1.0753e-01	  1.0753e-01	  2.0295e+01	  1.9997e-03	  8.3588e-01	  1.0440e-03	  0.0000e+00	
  2.6000e+02	  1.0858e+01	  3.2911e+04	  3.1992e+00	  1.0115e-02	  1.8309e+01	  1.6780e+00	  1.7401e-02	  5.2752e-02	  1.0727e-01	  1.0727e-01	  2.0285e+01	  1.9997e-03	  8.4639e-01	  1.0440e-03	  0.0000e+00	
  2.6500e+02	  1.0879e+01	  3.3250e+04	  3.2087e+00	  9.7316e-03	  1.8303e+01	  1.6766e+00	  1.7802e-02	  5.0956e-02	  1.0699e-01	  1.0699e-01	  2.0275e+01	  1.9997e-03	  8.5673e-01	  1.0440e-03	  0.0000e+00	
  2.7000e+02	  1.0900e+01	  3.3582e+04	  3.2182e+00	  9.3798e-03	  1.8297e+01	  1.6752e+00	  1.8197e-02	  4.9298e-02	  1.0671e-01	  1.0671e-01	  2.0266e+01	  1.9997e-03	  8.6691e-01	  1.0440e-03	  0.0000e+00	
  2.7500e+02	  1.0919e+01	  3.3909e+04	  3.2275e+00	  9.0567e-03	  1.8291e+01	  1.6738e+00	  1.8585e-02	  4.7770e-02	  1.0642e-01	  1.0642e-01	  2.0257e+01	  1.9997e-03	  8.7692e-01	  1.0440e-03	  0.0000e+00	
  2.8000e+02	  1.0937e+01	  3.4230e+04	  3.2367e+00	  8.7598e-03	  1.8286e+01	  1.6724e+00	  1.8965e-02	  4.6359e-02	  1.0612e-01	  1.0612e-01	  2.0247e+01	  1.9997e-03	  8.8678e-01	  1.0440e-03	  0.0000e+00	
  2.8500e+02	  1.0954e+01	  3.4545e+04	  3.2458e+00	  8.4871e-03	  1.8280e+01	  1.6710e+00	  1.9336e-02	  4.5056e-02	  1.0582e-01	  1.0582e-01	  2.0238e+01	  1.9997e-03	  8.9648e-01	  1.0440e-03	  0.0000e+00	
  2.9000e+02	  1.0970e+01	  3.4854e+04	  3.2549e+00	  8.2364e-03	  1.8274e+01	  1.6697e+00	  1.9697e-02	  4.3854e-02	  1.0551e-01	  1.0551e-01	  2.0229e+01	  1.9997e-03	  9.0602e-01	  1.0440e-03	  0.0000e+00	
  2.9500e+02	  1.0985e+01	  3.5158e+04	  3.2638e+00	  8.0061e-03	  1.8268e+01	  1.6683e+00	  2.0047e-02	  4.2743e-02	  1.0520e-01	  1.0520e-01	  2.0220e+01	  1.9997e-03	  9.1542e-01	  1.0440e-03	  0.0000e+00	
  3.0000e+02	  1.1000e+01	  3.5457e+04	  3.2727e+00	  7.7944e-03	  1.8262e+01	  1.6670e+00	  2.0386e-02	  4.1718e-02	  1.0489e-01	  1.0489e-01	  2.0211e+01	  1.9997e-03	  9.2466e-01	  1.0440e-03	  0.0000e+00	
  3.0500e+02	  1.1014e+01	  3.5750e+04	  3.2814e+00	  7.5999e-03	  1.8256e+01	  1.6656e+00	  2.0713e-02	  4.0769e-02	  1.0457e-01	  1.0457e-01	  2.0203e+01	  1.9998e-03	  9.3376e-01	  1.0440e-03	  0.0000e+00	
  3.1000e+02	  1.1027e+01	  3.6038e+04	  3.2902e+00	  7.4211e-03	  1.8250e+01	  1.6643e+00	  2.1028e-02	  3.9893e-02	  1.0425e-01	  1.0425e-01	  2.0194e+01	  1.9998e-03	  9.4271e-01	  1.0440e-03	  0.0000e+00	
  3.1500e+02	  1.1039e+01	  3.6321e+04	  3.2988e+00	  7.2569e-03	  1.8244e+01	  1.6630e+00	  2.1330e-02	  3.9082e-02	  1.0393e-01	  1.0393e-01	  2.0185e+01	  1.9998e-03	  9.5152e-01	  1.0440e-03	  0.0000e+00	
  3.2000e+02	  1.1051e+01	  3.6598e+04	  3.3074e+00	  7.1061e-03	  1.8238e+01	  1.6617e+00	  2.1619e-02	  3.8332e-02	  1.0360e-01	  1.0360e-01	  2.0177e+01	  1.9998e-03	  9.6020e-01	  1.0440e-03	  0.0000e+00	
  3.2500e+02	  1.1063e+01	  3.6871e+04	  3.3159e+00	  6.9676e-03	  1.8232e+01	  1.6604e+00	  2.1894e-02	  3.7637e-02	  1.0327e-01	  1.0327e-01	  2.0168e+01	  1.9998e-03	  9.6873e-01	  1.0440e-03	  0.0000e+00	
  3.3000e+02	  1.1074e+01	  3.7140e+04	  3.3244e+00	  6.8405e-03	  1.8226e+01	  1.6591e+00	  2.2157e-02	  3.6994e-02	  1.0295e-01	  1.0295e-01	  2.0160e+01	  1.9998e-03	  9.7713e-01	  1.0440e-03	  0.0000e+00	
  3.3500e+02	  1.1084e+01	  3.7403e+04	  3.3328e+00	  6.7237e-03	  1.8220e+01	  1.6578e+00	  2.2406e-02	  3.6397e-02	  1.0261e-01	  1.0261e-01	  2.0151e+01	  1.9998e-03	  9.8539e-01	  1.0440e-03	  0.0000e+00	
  3.4000e+02	  1.1094e+01	  3.7662e+04	  3.3412e+00	  6.6167e-03	  1.8214e+01	  1.6565e+00	  2.2642e-02	  3.5844e-02	  1.0228e-01	  1.0228e-01	  2.0143e+01	  1.9998e-03	  9.9353e-01	  1.0440e-03	  0.0000e+00	
  3.4500e+02	  1.1104e+01	  3.7916e+04	  3.3495e+00	  6.5184e-03	  1.8208e+01	  1.6552e+00	  2.2865e-02	  3.5330e-02	  1.0195e-01	  1.0195e-01	  2.0134e+01	  1.9998e-03	  1.0015e+00	  1.0440e-03	  0.0000e+00	
  3.5000e+02	  1.1113e+01	  3.8166e+04	  3.3578e+00	  6.4284e-03	  1.8202e+01	  1.6540e+00	  2.3075e-02	  3.4853e-02	  1.0162e-01	  1.0162e-01	  2.0126e+01	  1.9998e-03	  1.0094e+00	  1.0440e-03	  0.0000e+00	
  3.5500e+02	  1.1122e+01	  3.8411e+04	  3.3660e+00	  6.3459e-03	  1.8196e+01	  1.6527e+00	  2.3273e-02	  3.4409e-02	  1.0128e-01	  1.0128e-01	  2.0118e+01	  1.9998e-03	  1.0172e+00	  1.0440e-03	  0.0000e+00	
  3.6000e+02	  1.1130e+01	  3.8652e+04	  3.3742e+00	  6.2702e-03	  1.8190e+01	  1.6515e+00	  2.3458e-02	  3.3995e-02	  1.0095e-01	  1.0095e-01	  2.0110e+01	  1.9998e-03	  1.0248e+00	  1.0440e-03	  0.0000e+00	
  3.6500e+02	  1.1138e+01	  3.8889e+04	  3.3824e+00	  6.2010e-03	  1.8184e+01	  1.6502e+00	  2.3631e-02	  3.3610e-02	  1.0061e-01	  1.0061e-01	  2.0102e+01	  1.9998e-03	  1.0323e+00	  1.0440e-03	  0.0000e+00	
  3.7000e+02	  1.1146e+01	  3.9122e+04	  3.3905e+00	  6.1376e-03	  1.8178e+01	  1.6490e+00	  2.3793e-02	  3.3250e-02	  1.0028e-01	  1.0028e-01	  2.0093e+01	  1.9998e-03	  1.0397e+00	  1.0440e-03	  0.0000e+00	
  3.7500e+02	  1.1154e+01	  3.9351e+04	  3.3986e+00	  6.0796e-03	  1.8172e+01	  1.6477e+00	  2.3944e-02	  3.2914e-02	  9.9943e-02	  9.9943e-02	  2.0085e+01	  1.9998e-03	  1.0470e+00	  1.0440e-03	  0.0000e+00	
  3.8000e+02	  1.1161e+01	  3.9575e+04	  3.4066e+00	  6.0266e-03	  1.8166e+01	  1.6465e+00	  2.4084e-02	  3.2599e-02	  9.9608e-02	  9.9608e-02	  2.0077e+01	  1.9998e-03	  1.0541e+00	  1.0440e-03	  0.0000e+00	
